00000000000000000000000000000000000000000000000000000000000000000000000000000000
00000000000000000000000000000000000000000000000000000000000000000000000000000000
00000000000000000000000000000000000000000000000000000000000000000000000000000000
00000000000000000000000000000000000000000000000000000000000000000000000000000000
00001111100000000000000000000000000000000000000000000000000000000000001111100000
00001111100000000000000000000000000000000000000000000000000000000000001111100000
00001111100000000000000000000000000000000000000000000000000000000000001111100000
00001111100000000000000000000000000000000000000000000000000000000000001111100000
00001111100000000000000000000000000000000000000000000000000000000000001111100000
00000000000000000000000000000000000000100000000000000000000000000000000000000000
00000000000000000000000000000000000001010000000000000000000000000000000000000000
00000000000000000000000000000000000010001000000000000000000000000000000000000000
00000000000000000000000000000000000010001000000000000000000000000000000000000000
00000000000000000000000000000000000010001000000000000000000000000000000000000000
00000000000000000000000000000000000001010000000000000000000000000000000000000000
00000000000000000000000000000000000000100000000000000000000000000000000000000000
00001111100000000000000000000000000000000000000000000000000000000000001111100000
00001111100000000000000000000000000000000000000000000000000000000000001111100000
00001111100000000000000000000000000000000000000000000000000000000000001111100000
00001111100000000000000000000000000000000000000000000000000000000000001111100000
00001111100000000000000000000000000000000000000000000000000000000000001111100000
00000000000000000000000000000000000000000000000000000000000000000000000000000000
00000000000000000000000000000000000000000000000000000000000000000000000000000000
00000000000000000000000000000000000000000000000000000000000000000000000000000000
00000000000000000000000000000000000000000000000000000000000000000000000000000000