00000000000000000000000000000000000000000000000000000000000000000000000000000000
00000000000000000000000000000000000000000000000000000000000000000000000000000000
00000000000000000000000000000000000000001000000000000000000000000000000000000000
00000000000000000000000000000000000000110000000000000000000000000000000000000000
00000000000000000000000000000000000000000000000000000000000000000000000000000000
00000000000000000000000000000000000001000000000000000000000000000000000000000000
00000000000000000000000000000000000000100010000000000000000000000000000000000000
00000000000000000000000000000000000000011010000000000000000000000000000000000000
00000000000000000000000000000000110000000100000000000000000000000000000000000000
00000000000000000000000000000000001000000000000000000000000000000000000000000000
00000000000000000000000000001000010000000000000000000000000000000000000000000000
00000000000000000000000000000100010000000000010000000000000000000000000000000000
00000000000000000000000000000100100000000000100100000000000000000000000000000000
00000000000000000000000000000001000000000001000100000000000000000000000000000000
00000000000000000000000000000000000000000001000010000000000000000000000000000000
00000000000000000000000000000000000000000010000000000000000000000000000000000000
00000000000000000000000000000000000100000001100000000000000000000000000000000000
00000000000000000000000000000000001011000000000000000000000000000000000000000000
00000000000000000000000000000000001000100000000000000000000000000000000000000000
00000000000000000000000000000000000000010000000000000000000000000000000000000000
00000000000000000000000000000000000000000000000000000000000000000000000000000000
00000000000000000000000000000000000001100000000000000000000000000000000000000000
00000000000000000000000000000000000010000000000000000000000000000000000000000000
00000000000000000000000000000000000000000000000000000000000000000000000000000000
00000000000000000000000000000000000000000000000000000000000000000000000000000000