00000000000000000000000000000000000000000000000000000000000000000000000000000000
00000000000000000000000000000000000000000000000000000000000000000000000000000000
00000000000001100000000000000000000000100000000000000000011110000000000000000000
00000000000100001000000000000000000010001000000000000000100010000000000000000000
00000000000000000100000000000000000000000100000000000000000010000000000000000000
00000000000100000100000000000000000010000100000000000000100100000000000000000000
00000000000011111100000000000000000001111100000000000000000000000000000000000000
00000000000000000000000000000000000000000000000000000000000000000000000000000000
00000000000000000000000000000000000000000000000000000000000000000000000000000000
00000000000001100000000000000000000000100000000000000000011110000000000000000000
00000000000100001000000000000000000010001000000000000000100010000000000000000000
00000000000000000100000000000000000000000100000000000000000010000000000000000000
00000000000100000100000000000000000010000100000000000000100100000000000000000000
00000000000011111100000000000000000001111100000000000000000000000000000000000000
00000000000000000000000000000000000000000000000000000000000000000000000000000000
00000000000000000000000000000000000000000000000000000000000000000000000000000000
00000000000001100000000000000000000000100000000000000000011110000000000000000000
00000000000100001000000000000000000010001000000000000000100010000000000000000000
00000000000000000100000000000000000000000100000000000000000010000000000000000000
00000000000100000100000000000000000010000100000000000000100100000000000000000000
00000000000011111100000000000000000001111100000000000000000000000000000000000000
00000000000000000000000000000000000000000000000000000000000000000000000000000000
00000000000000000000000000000000000000000000000000000000000000000000000000000000
00000000000000000000000000000000000000000000000000000000000000000000000000000000
00000000000000000000000000000000000000000000000000000000000000000000000000000000